shape_id,shape_pt_lat,shape_pt_lon,shape_pt_sequence,shape_dist_traveled
BLUE,39.51663477,-84.73591805,1,0
BLUE,39.51504978,-84.73608971,2,0.176858
BLUE,39.51501667,-84.73465204,3,0.300239
BLUE,39.51039804,-84.73471642,4,0.813837
BLUE,39.51036493,-84.73066092,5,1.16177
BLUE,39.50627577,-84.73070383,6,1.61648
BLUE,39.50615988,-84.72973824,7,1.70032
BLUE,39.5062261,-84.72819328,8,1.83307
BLUE,39.50604399,-84.72742081,9,1.90236
BLUE,39.50514997,-84.72645521,10,2.03177
BLUE,39.50493474,-84.72636938,11,2.05681
BLUE,39.50438839,-84.72602606,12,2.12432
BLUE,39.50372614,-84.72596169,13,2.19817
BLUE,39.50342812,-84.7258544,14,2.23256
BLUE,39.50084527,-84.72609043,15,2.52047
BLUE,39.50074592,-84.72619772,16,2.53485
BLUE,39.50077904,-84.72639084,17,2.55183
BLUE,39.50102739,-84.72731352,18,2.63567
BLUE,39.50104395,-84.72754955,19,2.65601
BLUE,39.50101084,-84.72787142,20,2.68387
BLUE,39.50107706,-84.72815037,21,2.70891
BLUE,39.50167311,-84.72903013,22,2.80936
BLUE,39.50162344,-84.72930908,23,2.83392
BLUE,39.50139165,-84.72984552,24,2.88667
BLUE,39.5014082,-84.73081112,25,2.96954
BLUE,39.50041478,-84.73066092,26,3.08075
BLUE,39.50046445,-84.73317146,27,3.29623
BLUE,39.50730222,-84.73302126,28,4.05666
BLUE,39.50731878,-84.73619699,29,4.32912
BLUE,39.50049757,-84.7363472,30,5.08772
BLUE,39.50067969,-84.74267721,31,5.63121
BLUE,39.51158997,-84.74246264,32,6.84452
BLUE,39.51165619,-84.74559546,33,7.11337
BLUE,39.51518221,-84.74563837,34,7.50546
BLUE,39.51519876,-84.7437501,35,7.66745
BLUE,39.51509944,-84.74233389,36,7.78944
BLUE,39.51504978,-84.73608971,37,8.32511
BLUE,39.51663477,-84.73591805,38,8.50196
ORANGE,39.50653238,-84.72162724,1,0
ORANGE,39.50769127,-84.72147703,2,0.129505
ORANGE,39.50772025,-84.72911596,3,0.784867
ORANGE,39.50787338,-84.72909987,4,0.80195
ORANGE,39.50791891,-84.72893357,5,0.817089
ORANGE,39.50792305,-84.72781241,6,0.913275
ORANGE,39.51030698,-84.7277534,7,1.17841
ORANGE,39.51034009,-84.73061264,8,1.42372
ORANGE,39.50627577,-84.73070383,9,1.87572
ORANGE,39.50615988,-84.72973824,10,1.95956
ORANGE,39.5062261,-84.72819328,11,2.09231
ORANGE,39.50604399,-84.72742081,12,2.16161
ORANGE,39.50514997,-84.72645521,13,2.29101
ORANGE,39.50493474,-84.72636938,14,2.31605
ORANGE,39.50438839,-84.72602606,15,2.38357
ORANGE,39.50372614,-84.72596169,16,2.45741
ORANGE,39.50342812,-84.7258544,17,2.4918
ORANGE,39.50084527,-84.72609043,18,2.77972
ORANGE,39.50074592,-84.72619772,19,2.7941
ORANGE,39.50077904,-84.72639084,20,2.81107
ORANGE,39.50102739,-84.72731352,21,2.89491
ORANGE,39.50104395,-84.72754955,22,2.91525
ORANGE,39.50101084,-84.72787142,23,2.94311
ORANGE,39.50107706,-84.72815037,24,2.96815
ORANGE,39.50167311,-84.72903013,25,3.0686
ORANGE,39.50162344,-84.72930908,26,3.09316
ORANGE,39.50139165,-84.72984552,27,3.14592
ORANGE,39.5014082,-84.73081112,28,3.22878
ORANGE,39.50041478,-84.73066092,29,3.34
ORANGE,39.50046445,-84.73317146,30,3.55547
ORANGE,39.50730222,-84.73302126,31,4.31591
ORANGE,39.50731878,-84.73619699,32,4.58837
ORANGE,39.50049757,-84.7363472,33,5.34696
ORANGE,39.50046445,-84.73317146,34,5.61946
ORANGE,39.50041478,-84.73066092,35,5.83494
ORANGE,39.50100256,-84.73075747,36,5.90082
ORANGE,39.50774094,-84.73071456,37,6.6501
ORANGE,39.50769127,-84.72147703,38,7.44262
ORANGE,39.50653238,-84.72162724,39,7.57213
PURPLE1,39.51663477,-84.73591805,1,0
PURPLE1,39.51504978,-84.73608971,2,0.176858
PURPLE1,39.51501667,-84.73465204,3,0.300239
PURPLE1,39.51039804,-84.73471642,4,0.813837
PURPLE1,39.51036493,-84.73066092,5,1.16177
PURPLE1,39.5071615,-84.73067701,6,1.51798
PURPLE1,39.50729394,-84.7329998,7,1.7178
PURPLE1,39.50729394,-84.73459303,8,1.85448
PURPLE1,39.50731878,-84.73532259,9,1.91713
PURPLE1,39.50730222,-84.73619163,10,1.99171
PURPLE1,39.50730636,-84.73929763,11,2.25818
PURPLE1,39.5083328,-84.73931372,12,2.37233
PURPLE1,39.51044356,-84.73924935,13,2.6071
PURPLE1,39.51038976,-84.73611653,14,2.87592
PURPLE1,39.51036493,-84.73066092,15,3.34396
PURPLE1,39.51039804,-84.73471642,16,3.69189
PURPLE1,39.51501667,-84.73465204,17,4.20549
PURPLE1,39.51504978,-84.73608971,18,4.32887
PURPLE1,39.51663477,-84.73591805,19,4.50572
PURPLE2,39.51663477,-84.73591805,1,0
PURPLE2,39.51506219,-84.73604947,2,0.175226
PURPLE2,39.51502701,-84.7345823,3,0.301144
PURPLE2,39.51480457,-84.73468155,4,0.327302
PURPLE2,39.51133131,-84.73471105,5,0.71352
PURPLE2,39.51036855,-84.73470904,6,0.820574
PURPLE2,39.51046736,-84.73801151,7,1.1041
PURPLE2,39.5104358,-84.73924734,8,1.21018
PURPLE2,39.50936439,-84.73926879,9,1.32933
PURPLE2,39.50730015,-84.73928824,10,1.55886
PURPLE2,39.50730636,-84.7384125,11,1.634
PURPLE2,39.50731257,-84.73744422,12,1.71707
PURPLE2,39.50729601,-84.73617688,13,1.82582
PURPLE2,39.5073136,-84.7353065,14,1.90051
PURPLE2,39.5072986,-84.73480493,15,1.94358
PURPLE2,39.50729084,-84.7345756,16,1.96327
PURPLE2,39.50729084,-84.73421887,17,1.99387
PURPLE2,39.50729032,-84.73372266,18,2.03644
PURPLE2,39.5072898,-84.73299243,19,2.09909
PURPLE2,39.50726135,-84.73246135,20,2.14476
PURPLE2,39.50723807,-84.73205566,21,2.17966
PURPLE2,39.50719875,-84.73132811,22,2.24224
PURPLE2,39.50716357,-84.73067433,23,2.29846
PURPLE2,39.50772025,-84.73067164,24,2.36036
PURPLE2,39.50797272,-84.72897112,25,2.50893
PURPLE2,39.50794788,-84.72778559,26,2.61067
PURPLE2,39.51024904,-84.72775877,27,2.86656
PURPLE2,39.51034009,-84.72981334,28,3.04311
PURPLE2,39.51035251,-84.73202884,29,3.23318
PURPLE2,39.51038148,-84.73357379,30,3.36576
PURPLE2,39.51041459,-84.73471642,31,3.46385
PURPLE2,39.51104781,-84.73473251,32,3.53427
PURPLE2,39.51184243,-84.73470032,33,3.62267
PURPLE2,39.51235975,-84.73471105,34,3.6802
PURPLE2,39.51309228,-84.73466814,35,3.76174
PURPLE2,39.51389929,-84.73463595,36,3.85152
PURPLE2,39.51502495,-84.73458767,37,3.97675
PURPLE2,39.51507461,-84.73606825,38,4.10388
PURPLE2,39.51670099,-84.73583758,39,4.28581
YELLOW,39.50493888,-84.75204349,1,0
YELLOW,39.50494302,-84.74943638,2,0.223676
YELLOW,39.50463673,-84.74942029,3,0.257762
YELLOW,39.50422696,-84.7493881,4,0.303409
YELLOW,39.50418868,-84.74854723,5,0.375678
YELLOW,39.50416695,-84.74792629,6,0.429006
YELLOW,39.504109,-84.74674076,7,0.530924
YELLOW,39.50407692,-84.74615201,8,0.581561
YELLOW,39.50405623,-84.74568665,9,0.621554
YELLOW,39.50388963,-84.74569336,10,0.640088
YELLOW,39.50330084,-84.74572554,11,0.705616
YELLOW,39.50286934,-84.74575102,12,0.753647
YELLOW,39.50258374,-84.74576175,13,0.785418
YELLOW,39.50192768,-84.74575907,14,0.858369
YELLOW,39.50126747,-84.74575371,15,0.931782
YELLOW,39.5006383,-84.74574834,16,1.00174
YELLOW,39.50063209,-84.74492222,17,1.07263
YELLOW,39.50061967,-84.74393651,18,1.15721
YELLOW,39.50061347,-84.74342287,19,1.20129
YELLOW,39.50060622,-84.74267587,20,1.26539
YELLOW,39.50060415,-84.7423996,21,1.28909
YELLOW,39.50058346,-84.74200666,22,1.32288
YELLOW,39.50058087,-84.74167675,23,1.35119
YELLOW,39.50057621,-84.74108197,24,1.40223
YELLOW,39.50056586,-84.74067427,25,1.43723
YELLOW,39.5005581,-84.74040136,26,1.46066
YELLOW,39.50056121,-84.73998293,27,1.49656
YELLOW,39.50056483,-84.73942503,28,1.54443
YELLOW,39.50117227,-84.73942637,29,1.61197
YELLOW,39.5017828,-84.73939687,30,1.67991
YELLOW,39.50251958,-84.73939151,31,1.76184
YELLOW,39.50376753,-84.73932981,32,1.9007
YELLOW,39.50487265,-84.73935127,33,2.0236
YELLOW,39.50730222,-84.73929226,34,2.2938
YELLOW,39.50832452,-84.73931372,35,2.40749
YELLOW,39.50939646,-84.73928154,36,2.52672
YELLOW,39.5104477,-84.73925471,37,2.64364
YELLOW,39.51040631,-84.7376132,38,2.78453
YELLOW,39.5103939,-84.73612189,39,2.91248
YELLOW,39.51040631,-84.73467886,40,3.03628
YELLOW,39.51033802,-84.73200604,41,3.2657
YELLOW,39.51032354,-84.73067433,42,3.37996
YELLOW,39.50926402,-84.73066092,43,3.49777
YELLOW,39.50774094,-84.73070383,44,3.66717
YELLOW,39.50762505,-84.72631037,45,4.04431
YELLOW,39.50763333,-84.7237891,46,4.26062
YELLOW,39.5076623,-84.72147703,47,4.459
YELLOW,39.5066193,-84.72144485,48,4.57501
YELLOW,39.50768714,-84.72146094,49,4.69376
YELLOW,39.50762091,-84.72481906,50,4.98195
YELLOW,39.50768714,-84.72819865,51,5.27198
YELLOW,39.5077368,-84.73067701,52,5.48467
YELLOW,39.50715736,-84.73073602,53,5.5493
YELLOW,39.50724428,-84.73281473,54,5.7279
YELLOW,39.50729187,-84.73299712,55,5.74442
YELLOW,39.50729187,-84.73457694,56,5.87996
YELLOW,39.50731464,-84.73531455,57,5.94329
YELLOW,39.50729808,-84.73618358,58,6.01787
YELLOW,39.50731464,-84.7374469,59,6.12626
YELLOW,39.50730015,-84.73929226,60,6.28459
YELLOW,39.5072898,-84.74092305,61,6.4245
YELLOW,39.50733326,-84.74169016,62,6.49049
YELLOW,39.507385,-84.74250823,63,6.56091
YELLOW,39.50742225,-84.74413097,64,6.70019
YELLOW,39.50744294,-84.74565715,65,6.83114
YELLOW,39.50744915,-84.74661469,66,6.91329
YELLOW,39.50746364,-84.74729866,67,6.97199
YELLOW,39.5074595,-84.74788874,68,7.02262
YELLOW,39.50745743,-84.74853247,69,7.07785
YELLOW,39.50745122,-84.74936396,70,7.14919
YELLOW,39.50775336,-84.75030541,71,7.23666
YELLOW,39.50796858,-84.75095183,72,7.29706
YELLOW,39.50793961,-84.75261748,73,7.44
YELLOW,39.50622196,-84.75267649,74,7.63106
YELLOW,39.50599018,-84.75268722,75,7.65685
YELLOW,39.5049513,-84.75271136,76,7.77238
YELLOW,39.50493681,-84.75190669,77,7.84144
RED1,39.50493681,-84.75190669,1,0
RED1,39.5049513,-84.75271136,2,0.0690545
RED1,39.50621783,-84.75267917,3,0.209913
RED1,39.50737051,-84.75261748,4,0.338195
RED1,39.50794168,-84.75261211,5,0.401707
RED1,39.50796651,-84.75095719,6,0.543712
RED1,39.50745329,-84.74936396,7,0.691832
RED1,39.50745536,-84.74853918,8,0.762591
RED1,39.50746467,-84.74774256,9,0.830942
RED1,39.50745846,-84.7471337,10,0.883182
RED1,39.50744605,-84.74659458,11,0.929455
RED1,39.50744087,-84.74565715,12,1.00988
RED1,39.50742328,-84.74471033,13,1.09113
RED1,39.50741397,-84.74411085,14,1.14257
RED1,39.50740155,-84.74348858,15,1.19598
RED1,39.50740155,-84.74318549,16,1.22198
RED1,39.50739535,-84.74301383,17,1.23672
RED1,39.50738189,-84.74250689,18,1.28024
RED1,39.50734361,-84.74190339,19,1.33219
RED1,39.50729291,-84.74093243,20,1.41568
RED1,39.50729705,-84.7402592,21,1.47344
RED1,39.50729912,-84.73954037,22,1.53511
RED1,39.50730326,-84.73896101,23,1.58482
RED1,39.50730533,-84.73805577,24,1.66248
RED1,39.50730946,-84.73745629,25,1.71391
RED1,39.5073017,-84.7366751,26,1.78094
RED1,39.50729808,-84.73633111,27,1.81045
RED1,39.50729808,-84.73616213,28,1.82495
RED1,39.50730326,-84.73578125,29,1.85763
RED1,39.5073136,-84.73530583,30,1.89843
RED1,39.50729808,-84.73480292,31,1.94161
RED1,39.50728929,-84.73457426,32,1.96125
RED1,39.50729136,-84.73412901,33,1.99945
RED1,39.50729084,-84.73360732,34,2.04421
RED1,39.50729084,-84.73299913,35,2.09639
RED1,39.50727687,-84.73274499,36,2.11825
RED1,39.50725928,-84.73241977,37,2.14622
RED1,39.5072391,-84.73205701,38,2.17742
RED1,39.50720547,-84.73143272,39,2.23111
RED1,39.50719461,-84.7312443,40,2.24732
RED1,39.5071734,-84.73087817,41,2.27882
RED1,39.50716253,-84.73067164,42,2.29658
RED1,39.50771507,-84.73067567,43,2.35802
RED1,39.50879841,-84.73068237,44,2.47848
RED1,39.50953304,-84.73066092,45,2.56019
RED1,39.51032354,-84.7306636,46,2.64809
RED1,39.51038148,-84.73192692,47,2.75666
RED1,39.51040217,-84.73350137,48,2.89174
RED1,39.51043528,-84.73619431,49,3.1228
RED1,39.5104477,-84.73770976,50,3.25281
RED1,39.51046632,-84.73924935,51,3.3849
RED1,39.51046839,-84.7408399,52,3.52135
RED1,39.51050978,-84.74169016,53,3.59444
RED1,39.51050564,-84.74245727,54,3.66025
RED1,39.50923919,-84.74248409,55,3.80109
RED1,39.50787545,-84.74250019,56,3.95274
RED1,39.50738086,-84.74250287,57,4.00774
RED1,39.50673726,-84.74251628,58,4.07931
RED1,39.50577082,-84.74252701,59,4.18678
RED1,39.50505891,-84.74254042,60,4.26595
RED1,39.50456637,-84.74254042,61,4.32072
RED1,39.50434493,-84.74255383,62,4.34537
RED1,39.50394758,-84.74257261,63,4.38958
RED1,39.50339294,-84.74260747,64,4.45132
RED1,39.50285071,-84.74261284,65,4.51162
RED1,39.50258787,-84.74261016,66,4.54085
RED1,39.50204771,-84.74262893,67,4.60093
RED1,39.50167725,-84.7426343,68,4.64213
RED1,39.50107706,-84.74266112,69,4.7089
RED1,39.50060726,-84.74267721,70,4.76116
RED1,39.50062174,-84.74423826,71,4.89511
RED1,39.50064244,-84.74575371,72,5.02516
RED1,39.50170623,-84.74575639,73,5.14344
RED1,39.50319219,-84.74573225,74,5.30869
RED1,39.50379857,-84.74570006,75,5.37617
RED1,39.50405519,-84.74568665,76,5.40473
RED1,39.50416488,-84.74792629,77,5.59727
RED1,39.5041835,-84.74857807,78,5.65322
RED1,39.50422282,-84.74939078,79,5.72309
RED1,39.50468433,-84.74941224,80,5.77444
RED1,39.50493578,-84.7494176,81,5.8024
RED1,39.50493888,-84.75017801,82,5.86764
RED1,39.50493681,-84.75078821,83,5.91999
RED1,39.50493474,-84.75104839,84,5.94232
RED1,39.50493836,-84.75139305,85,5.97189
RED1,39.50493629,-84.75193888,86,6.01872
RED1,39.50494302,-84.75236535,87,6.05532
RED1,39.50494716,-84.75254372,88,6.07063
RED2,39.50493681,-84.75190669,1,0
RED2,39.5049513,-84.75271136,2,0.0690545
RED2,39.50621783,-84.75267917,3,0.209913
RED2,39.50737051,-84.75261748,4,0.338195
RED2,39.50794168,-84.75261211,5,0.401707
RED2,39.50796651,-84.75095719,6,0.543712
RED2,39.50745329,-84.74936396,7,0.691832
RED2,39.50745536,-84.74853918,8,0.762591
RED2,39.50746467,-84.74774256,9,0.830942
RED2,39.50745846,-84.7471337,10,0.883182
RED2,39.50744605,-84.74659458,11,0.929455
RED2,39.50744087,-84.74565715,12,1.00988
RED2,39.50742328,-84.74471033,13,1.09113
RED2,39.50741397,-84.74411085,14,1.14257
RED2,39.50740155,-84.74348858,15,1.19598
RED2,39.50740155,-84.74318549,16,1.22198
RED2,39.50739535,-84.74301383,17,1.23672
RED2,39.50738189,-84.74250689,18,1.28024
RED2,39.50734361,-84.74190339,19,1.33219
RED2,39.50729291,-84.74093243,20,1.41568
RED2,39.50729705,-84.7402592,21,1.47344
RED2,39.50729912,-84.73954037,22,1.53511
RED2,39.50730326,-84.73896101,23,1.58482
RED2,39.50730533,-84.73805577,24,1.66248
RED2,39.50730946,-84.73745629,25,1.71391
RED2,39.5073017,-84.7366751,26,1.78094
RED2,39.50729808,-84.73633111,27,1.81045
RED2,39.50729808,-84.73616213,28,1.82495
RED2,39.50730326,-84.73578125,29,1.85763
RED2,39.5073136,-84.73530583,30,1.89843
RED2,39.50729808,-84.73480292,31,1.94161
RED2,39.50728929,-84.73457426,32,1.96125
RED2,39.50729136,-84.73412901,33,1.99945
RED2,39.50729084,-84.73360732,34,2.04421
RED2,39.50729084,-84.73299913,35,2.09639
RED2,39.50727687,-84.73274499,36,2.11825
RED2,39.50725928,-84.73241977,37,2.14622
RED2,39.5072391,-84.73205701,38,2.17742
RED2,39.50720547,-84.73143272,39,2.23111
RED2,39.50719461,-84.7312443,40,2.24732
RED2,39.5071734,-84.73087817,41,2.27882
RED2,39.50716253,-84.73067164,42,2.29658
RED2,39.50771507,-84.73067567,43,2.35802
RED2,39.50771611,-84.72919643,44,2.48492
RED2,39.50791477,-84.72895503,45,2.5152
RED2,39.50793133,-84.72778827,46,2.61532
RED2,39.50926195,-84.72775072,47,2.76331
RED2,39.51027387,-84.7277534,48,2.87583
RED2,39.51031112,-84.72982675,49,3.05375
RED2,39.51038148,-84.73192692,50,3.23409
RED2,39.51040217,-84.73350137,51,3.36918
RED2,39.51043528,-84.73619431,52,3.60023
RED2,39.5104477,-84.73770976,53,3.73024
RED2,39.51046632,-84.73924935,54,3.86234
RED2,39.51046839,-84.7408399,55,3.99879
RED2,39.51050978,-84.74169016,56,4.07187
RED2,39.51050564,-84.74245727,57,4.13768
RED2,39.50923919,-84.74248409,58,4.27852
RED2,39.50787545,-84.74250019,59,4.43017
RED2,39.50738086,-84.74250287,60,4.48517
RED2,39.50673726,-84.74251628,61,4.55674
RED2,39.50577082,-84.74252701,62,4.66421
RED2,39.50505891,-84.74254042,63,4.74338
RED2,39.50456637,-84.74254042,64,4.79815
RED2,39.50434493,-84.74255383,65,4.8228
RED2,39.50394758,-84.74257261,66,4.86701
RED2,39.50339294,-84.74260747,67,4.92876
RED2,39.50285071,-84.74261284,68,4.98905
RED2,39.50258787,-84.74261016,69,5.01828
RED2,39.50204771,-84.74262893,70,5.07836
RED2,39.50167725,-84.7426343,71,5.11956
RED2,39.50107706,-84.74266112,72,5.18633
RED2,39.50060726,-84.74267721,73,5.23859
RED2,39.50062174,-84.74423826,74,5.37254
RED2,39.50064244,-84.74575371,75,5.50259
RED2,39.50170623,-84.74575639,76,5.62087
RED2,39.50319219,-84.74573225,77,5.78612
RED2,39.50379857,-84.74570006,78,5.8536
RED2,39.50405519,-84.74568665,79,5.88216
RED2,39.50416488,-84.74792629,80,6.0747
RED2,39.5041835,-84.74857807,81,6.13066
RED2,39.50422282,-84.74939078,82,6.20052
RED2,39.50468433,-84.74941224,83,6.25187
RED2,39.50493578,-84.7494176,84,6.27983
RED2,39.50493888,-84.75017801,85,6.34507
RED2,39.50493681,-84.75078821,86,6.39743
RED2,39.50493474,-84.75104839,87,6.41975
RED2,39.50493836,-84.75139305,88,6.44932
RED2,39.50493629,-84.75193888,89,6.49615
RED2,39.50494302,-84.75236535,90,6.53275
RED2,39.50494716,-84.75254372,91,6.54806
GREEN,39.51663477,-84.73591805,1,0
GREEN,39.51504978,-84.73608971,2,0.176858
GREEN,39.51506219,-84.73754883,3,0.302032
GREEN,39.51509944,-84.73915815,4,0.440145
GREEN,39.51511185,-84.74075675,5,0.577283
GREEN,39.51514082,-84.74233389,6,0.712612
GREEN,39.51516979,-84.74392176,7,0.84886
GREEN,39.51516151,-84.74498391,8,0.939979
GREEN,39.51518634,-84.74568665,9,1.00032
GREEN,39.51510358,-84.74562764,10,1.01083
GREEN,39.51366753,-84.74555254,11,1.17064
GREEN,39.51165205,-84.74556863,12,1.39475
GREEN,39.51163136,-84.74398613,13,1.53053
GREEN,39.51157755,-84.74245727,14,1.66182
GREEN,39.51093606,-84.74244118,15,1.73317
GREEN,39.51050978,-84.742468,16,1.78062
GREEN,39.507385,-84.74250555,17,2.1281
GREEN,39.50461603,-84.74253774,18,2.436
GREEN,39.50339501,-84.74260747,19,2.57191
GREEN,39.50258374,-84.74260747,20,2.66212
GREEN,39.50061761,-84.74268258,21,2.88084
GREEN,39.50060933,-84.74239826,22,2.90525
GREEN,39.50058449,-84.74202812,23,2.93713
GREEN,39.50058035,-84.74103034,24,3.02274
GREEN,39.50056379,-84.7404027,25,3.07662
GREEN,39.50057621,-84.73944247,26,3.15902
GREEN,39.50050171,-84.73635793,27,3.4238
GREEN,39.50165242,-84.73629892,28,3.55186
GREEN,39.50371372,-84.73622382,29,3.78115
GREEN,39.50730222,-84.73617017,30,4.1802
GREEN,39.50732705,-84.73530114,31,4.25481
GREEN,39.50729394,-84.73457694,32,4.31705
GREEN,39.50729808,-84.7329998,33,4.45236
GREEN,39.50716564,-84.73067701,34,4.65218
GREEN,39.50808033,-84.7306931,35,4.75389
GREEN,39.50925988,-84.73066628,36,4.88507
GREEN,39.51034009,-84.73062336,37,5.00524
GREEN,39.51037734,-84.73267794,38,5.18155
GREEN,39.5103732,-84.73470569,39,5.35551
GREEN,39.5114327,-84.73472178,40,5.47333
GREEN,39.5135351,-84.73464668,41,5.70719
GREEN,39.51467318,-84.73464668,42,5.83374
GREEN,39.51476009,-84.73464131,43,5.84341
GREEN,39.51485527,-84.73462522,44,5.85409
GREEN,39.51502908,-84.73458767,45,5.87368
GREEN,39.51504978,-84.73604143,46,5.99841
GREEN,39.51504978,-84.73608971,47,6.00255
GREEN,39.51663477,-84.73591805,48,6.17941
